1000 1126
R	0	7310	2405
R	1	6374	5504
R	2	5976	3332
R	3	3852	9849
R	4	8792	9413
R	5	2749	1289
R	6	1466	232
R	7	5467	9645
R	8	1045	6252
R	9	4108	7763
R	10	9908	4872
R	11	7463	7332
R	12	8173	8389
R	13	5267	8994
R	14	1339	830
R	15	9786	7224
R	16	7151	1432
R	17	4630	44
R	18	715	3484
R	19	3388	8594
R	20	9716	8658
R	21	6126	1790
R	22	2175	8545
R	23	96	6923
R	24	7713	7127
R	25	2112	7831
R	26	9454	142
R	27	3942	8538
R	28	7861	9935
R	29	8831	1703
R	30	9621	7243
R	31	6774	8044
R	32	4414	4621
R	33	8529	5018
R	34	9920	9693
R	35	3531	472
R	36	716	291
R	37	4837	9720
R	38	9892	7675
R	39	5014	2555
R	40	3091	8483
R	41	520	101
R	42	3538	867
R	43	8503	36
R	44	3079	5316
R	45	9189	2772
R	46	8743	6099
R	47	9087	444
R	48	6467	4968
R	49	5067	5207
R	50	3663	4776
R	51	7040	3228
R	52	116	7011
R	53	7454	6073
R	54	2351	3890
R	55	9115	1674
R	56	39	2649
R	57	8929	2975
R	58	4289	6876
R	59	4085	3530
R	60	6718	7404
R	61	8945	5800
R	62	5108	3120
R	63	5402	9732
R	64	6136	271
R	65	6890	6303
R	66	8179	7411
R	67	6314	3149
R	68	7504	1902
R	69	1225	7133
R	70	9331	3111
R	71	5295	1789
R	72	1138	6840
R	73	3792	5924
R	74	9407	5341
R	75	2142	3337
R	76	2505	7356
R	77	911	2645
R	78	1886	2977
R	79	7585	465
R	80	860	8923
R	81	5346	856
R	82	5314	733
R	83	1767	8835
R	84	3504	9860
R	85	5759	6043
R	86	2731	5132
R	87	9448	2177
R	88	9099	193
R	89	2742	6688
R	90	2879	639
R	91	2262	1400
R	92	6037	7278
R	93	3038	6254
R	94	357	4774
R	95	926	7106
R	96	4341	8194
R	97	6045	6723
R	98	4501	3445
R	99	2694	7452
N	100	2061	1495
N	101	9204	6877
N	102	9167	354
N	103	1951	5760
N	104	9650	3317
N	105	1382	973
N	106	8197	6699
N	107	4289	4799
N	108	8296	5395
N	109	5844	5974
N	110	3744	16
N	111	6895	7138
N	112	692	5034
N	113	6914	8008
N	114	7216	3415
N	115	637	3493
N	116	5209	9564
N	117	6930	1216
N	118	5054	9014
N	119	1672	3493
N	120	6952	324
N	121	2600	4649
N	122	4064	1854
N	123	2935	5758
N	124	1684	3717
N	125	2346	5384
N	126	3549	3100
N	127	8375	6708
N	128	1090	9357
N	129	8753	8520
N	130	3944	3783
N	131	5263	40
N	132	346	7869
N	133	2713	7217
N	134	4195	2908
N	135	2449	1252
N	136	1487	3376
N	137	8376	8447
N	138	2610	6202
N	139	4907	4153
N	140	8545	8201
N	141	497	2613
N	142	8401	4286
N	143	7412	8764
N	144	2926	9832
N	145	8296	7712
N	146	3638	1563
N	147	2721	2521
N	148	14	2687
N	149	2412	1185
N	150	7873	9629
N	151	2098	9213
N	152	465	9724
N	153	4083	5154
N	154	105	1452
N	155	8522	2530
N	156	2186	1419
N	157	8111	3163
N	158	5380	5174
N	159	5460	3683
N	160	1454	2177
N	161	3760	9130
N	162	5688	8752
N	163	6526	4973
N	164	4172	6680
N	165	156	1648
N	166	7432	9284
N	167	3896	3740
N	168	723	1248
N	169	5300	9314
N	170	170	3282
N	171	5826	3605
N	172	409	7727
N	173	298	5229
N	174	3868	6690
N	175	6122	2412
N	176	3942	9949
N	177	2912	1363
N	178	4375	5921
N	179	911	8796
N	180	4971	5312
N	181	7022	5928
N	182	9371	3731
N	183	581	1770
N	184	4125	6504
N	185	7117	9423
N	186	9494	6191
N	187	7215	279
N	188	1534	924
N	189	9398	7525
N	190	1879	9557
N	191	395	2100
N	192	6322	7833
N	193	3614	1488
N	194	5845	8334
N	195	6713	4018
N	196	4028	5763
N	197	2214	9210
N	198	2929	8308
N	199	847	7696
N	200	5459	5256
N	201	5935	2624
N	202	6039	852
N	203	8553	8150
N	204	2923	4428
N	205	7405	9605
N	206	4900	7279
N	207	4416	4232
N	208	2343	7434
N	209	6888	1019
N	210	7562	4538
N	211	9730	3055
N	212	2206	8350
N	213	6755	6120
N	214	175	6053
N	215	8336	2754
N	216	2843	5524
N	217	3785	1911
N	218	9764	3967
N	219	791	513
N	220	2006	3932
N	221	907	4682
N	222	7225	1614
N	223	9704	5264
N	224	5219	5570
N	225	2470	4351
N	226	275	7477
N	227	1593	6967
N	228	1886	435
N	229	9656	4794
N	230	8591	4440
N	231	3128	6906
N	232	625	3120
N	233	5125	5821
N	234	5828	619
N	235	2086	5884
N	236	9807	2575
N	237	8516	4959
N	238	5797	560
N	239	5904	9759
N	240	1777	5063
N	241	6868	9710
N	242	2486	8089
N	243	3142	4221
N	244	1742	2852
N	245	6604	3450
N	246	6165	4607
N	247	5744	3224
N	248	4779	3696
N	249	6147	630
N	250	307	9129
N	251	2423	7995
N	252	6970	8610
N	253	790	9439
N	254	6547	8828
N	255	6034	6021
N	256	9115	8024
N	257	3914	2599
N	258	7401	1411
N	259	285	1947
N	260	4018	8814
N	261	1147	9463
N	262	8977	3082
N	263	3635	4779
N	264	808	7276
N	265	6590	5056
N	266	8409	8400
N	267	728	8316
N	268	2282	5564
N	269	2682	4256
N	270	3227	817
N	271	4225	4232
N	272	3742	1652
N	273	7826	1747
N	274	2402	5183
N	275	2374	9705
N	276	4302	5330
N	277	8369	930
N	278	1287	6012
N	279	175	4020
N	280	4145	5303
N	281	4041	7450
N	282	5183	7785
N	283	4494	1058
N	284	3702	4911
N	285	8456	5497
N	286	8752	6104
N	287	5969	7082
N	288	3238	6522
N	289	8763	7555
N	290	1009	953
N	291	3070	5734
N	292	3803	7127
N	293	1073	754
N	294	8124	5891
N	295	6158	4662
N	296	3051	179
N	297	743	5498
N	298	8733	9428
N	299	1895	683
N	300	1884	1231
N	301	9125	4519
N	302	9033	7411
N	303	859	2907
N	304	398	7374
N	305	879	3042
N	306	7342	7678
N	307	3716	5723
N	308	4125	3057
N	309	8468	3208
N	310	368	792
N	311	3790	6073
N	312	4020	7308
N	313	2905	8417
N	314	5931	3123
N	315	6409	1918
N	316	6201	9883
N	317	2385	5776
N	318	9323	1090
N	319	7841	1325
N	320	9888	6404
N	321	2886	7297
N	322	3078	7828
N	323	9204	4063
N	324	4544	5024
N	325	7343	3005
N	326	2351	6092
N	327	3186	152
N	328	9675	9630
N	329	2500	1649
N	330	633	3669
N	331	3934	2260
N	332	3272	7163
N	333	5042	7140
N	334	3046	101
N	335	2944	1367
N	336	7387	9062
N	337	1102	1417
N	338	6926	5990
N	339	6342	7610
N	340	1780	9389
N	341	5754	6880
N	342	1928	8701
N	343	1361	722
N	344	9167	4669
N	345	1583	4064
N	346	4387	719
N	347	2408	6989
N	348	7992	2978
N	349	7947	2722
N	350	3143	9488
N	351	9543	2115
N	352	1247	2331
N	353	5015	6966
N	354	6579	9974
N	355	4730	1943
N	356	2279	893
N	357	9203	7653
N	358	3079	3790
N	359	3725	5408
N	360	1082	4072
N	361	9089	7654
N	362	9648	1136
N	363	3931	6674
N	364	7047	6010
N	365	3423	8196
N	366	5902	4357
N	367	1083	5836
N	368	6637	5531
N	369	5335	6914
N	370	3181	4410
N	371	120	126
N	372	6979	9073
N	373	9322	805
N	374	989	4024
N	375	8078	25
N	376	8838	5650
N	377	142	9729
N	378	5490	3847
N	379	9379	7187
N	380	4949	1375
N	381	5206	8619
N	382	7301	359
N	383	6342	3613
N	384	2194	3598
N	385	4554	9085
N	386	8293	6859
N	387	293	3968
N	388	8594	7171
N	389	5052	3553
N	390	9640	1284
N	391	1104	5463
N	392	8581	7916
N	393	7866	7616
N	394	5823	7196
N	395	5526	2211
N	396	2555	801
N	397	863	8758
N	398	1845	6668
N	399	7160	3487
N	400	9179	2885
N	401	1	2109
N	402	3348	6411
N	403	3424	7779
N	404	1383	3560
N	405	6326	6416
N	406	1892	901
N	407	7366	7069
N	408	9592	7132
N	409	7684	5858
N	410	99	8797
N	411	4666	8251
N	412	8100	5282
N	413	6739	5904
N	414	3904	1450
N	415	8692	1086
N	416	3117	9448
N	417	9397	3865
N	418	1622	4793
N	419	8952	4631
N	420	3433	5653
N	421	250	7293
N	422	2083	8380
N	423	795	6537
N	424	7185	6845
N	425	4130	5906
N	426	6533	7886
N	427	6726	2140
N	428	711	252
N	429	5373	5206
N	430	1550	9856
N	431	2149	2763
N	432	7959	9834
N	433	8915	2429
N	434	2694	9968
N	435	947	5123
N	436	1424	6321
N	437	9789	8031
N	438	1105	8630
N	439	8694	6286
N	440	8106	9930
N	441	154	8324
N	442	7806	181
N	443	3889	1053
N	444	6445	3251
N	445	5444	7480
N	446	2896	4490
N	447	43	1227
N	448	2723	4380
N	449	3734	9524
N	450	9406	2240
N	451	3986	8635
N	452	7915	2809
N	453	4938	3500
N	454	4000	7697
N	455	8221	6350
N	456	8436	3130
N	457	8930	7478
N	458	9287	5227
N	459	7714	5015
N	460	6802	4084
N	461	4192	9542
N	462	4931	8392
N	463	3933	3683
N	464	651	2999
N	465	1097	6460
N	466	7328	2862
N	467	1513	7088
N	468	1110	8154
N	469	6416	3166
N	470	42	6984
N	471	5391	3761
N	472	3987	4100
N	473	8159	8739
N	474	9741	6255
N	475	8752	1909
N	476	9763	7494
N	477	2356	7024
N	478	4862	513
N	479	4662	2460
N	480	854	3471
N	481	5869	2591
N	482	6725	5131
N	483	6717	1205
N	484	7142	5096
N	485	1839	5160
N	486	5329	9989
N	487	6566	4434
N	488	3209	943
N	489	6880	8177
N	490	4544	2533
N	491	8666	4990
N	492	3303	8327
N	493	1602	9699
N	494	3949	3702
N	495	5109	8155
N	496	2468	2233
N	497	8589	6256
N	498	7013	8000
N	499	5892	9276
N	500	4841	2500
N	501	4408	2852
N	502	7868	1523
N	503	2453	7552
N	504	2585	4257
N	505	4775	4763
N	506	1395	4222
N	507	4852	2892
N	508	1428	9193
N	509	4457	9304
N	510	3846	5171
N	511	5432	5257
N	512	1298	7677
N	513	6030	8229
N	514	3725	2174
N	515	4315	8406
N	516	3015	4268
N	517	4083	3924
N	518	5166	9452
N	519	4595	2448
N	520	4533	1669
N	521	3974	5059
N	522	8529	9726
N	523	7559	2136
N	524	2692	639
N	525	6739	9858
N	526	5435	9486
N	527	806	291
N	528	8975	5929
N	529	4258	7662
N	530	7975	8722
N	531	4608	8285
N	532	221	756
N	533	1272	1941
N	534	4316	8909
N	535	4364	7994
N	536	7805	4883
N	537	3363	422
N	538	5428	5548
N	539	9503	2145
N	540	1225	3812
N	541	2489	489
N	542	164	4038
N	543	1676	2448
N	544	4600	9152
N	545	4182	537
N	546	8420	169
N	547	7613	7443
N	548	7044	2690
N	549	3009	423
N	550	4584	9036
N	551	4460	4484
N	552	392	9217
N	553	5393	6697
N	554	6037	8645
N	555	7990	2749
N	556	258	5622
N	557	1404	756
N	558	3891	7027
N	559	6495	6720
N	560	8901	6330
N	561	9619	614
N	562	5720	4115
N	563	5755	2014
N	564	869	7584
N	565	1635	9422
N	566	2499	2208
N	567	2900	8017
N	568	4920	5643
N	569	5381	6416
N	570	4476	1277
N	571	9534	4196
N	572	8152	6413
N	573	8768	8467
N	574	3213	7933
N	575	6968	9535
N	576	876	6561
N	577	7840	2873
N	578	9508	9323
N	579	8918	6990
N	580	3162	8652
N	581	5984	4583
N	582	9440	5761
N	583	9516	7386
N	584	6550	5332
N	585	3322	3494
N	586	3253	8365
N	587	6978	9663
N	588	6917	123
N	589	7881	2
N	590	4311	501
N	591	5800	6894
N	592	6953	4849
N	593	2639	9465
N	594	7844	4330
N	595	2808	9984
N	596	9236	6227
N	597	5058	8732
N	598	1722	6219
N	599	4946	3457
N	600	3382	6692
N	601	8194	431
N	602	3974	7340
N	603	9112	263
N	604	3242	6961
N	605	4994	3145
N	606	4284	8222
N	607	6938	5003
N	608	2628	390
N	609	9880	8156
N	610	9185	8554
N	611	9828	7489
N	612	535	1677
N	613	4214	5932
N	614	3188	6027
N	615	2130	1059
N	616	9354	4911
N	617	4762	8002
N	618	561	501
N	619	2790	2561
N	620	2021	8558
N	621	6741	2390
N	622	4989	2299
N	623	8315	3410
N	624	6628	7374
N	625	5557	3282
N	626	6845	5888
N	627	2437	3639
N	628	9410	3820
N	629	3843	8070
N	630	294	2773
N	631	306	3367
N	632	9638	3996
N	633	2889	7458
N	634	4961	9869
N	635	7552	8577
N	636	2374	5645
N	637	66	6777
N	638	9378	2140
N	639	7093	636
N	640	7552	8262
N	641	6352	9187
N	642	5957	812
N	643	9036	1468
N	644	6382	7840
N	645	554	3917
N	646	9697	925
N	647	1500	8786
N	648	8550	1314
N	649	9341	5224
N	650	5359	4532
N	651	2740	8296
N	652	6176	8216
N	653	4662	205
N	654	334	8328
N	655	7412	2315
N	656	3024	9586
N	657	2689	6174
N	658	2937	6994
N	659	2318	6671
N	660	9934	6703
N	661	853	710
N	662	8343	6051
N	663	9522	333
N	664	9940	4637
N	665	2088	95
N	666	6893	508
N	667	7125	4684
N	668	9081	8188
N	669	7894	4263
N	670	2013	8100
N	671	626	1825
N	672	1350	239
N	673	4294	8955
N	674	7450	8391
N	675	153	3857
N	676	8774	5074
N	677	7326	8217
N	678	6055	1554
N	679	1458	7531
N	680	97	1675
N	681	7124	2935
N	682	4866	3098
N	683	1013	1191
N	684	4047	4576
N	685	2237	3545
N	686	3681	3328
N	687	8057	3423
N	688	5656	2266
N	689	8248	7593
N	690	6864	2853
N	691	8947	5320
N	692	6619	5732
N	693	7319	5311
N	694	622	7897
N	695	1673	783
N	696	3154	2128
N	697	7759	8871
N	698	459	1731
N	699	877	1765
N	700	7365	1153
N	701	5207	3473
N	702	6045	1000
N	703	6228	7883
N	704	549	4153
N	705	9544	954
N	706	3223	8233
N	707	9514	2291
N	708	9462	8488
N	709	4123	9049
N	710	5387	4331
N	711	8293	8264
N	712	8980	2216
N	713	6434	1992
N	714	8944	7327
N	715	6470	3361
N	716	7179	6620
N	717	1790	625
N	718	102	6190
N	719	4619	624
N	720	1264	6616
N	721	4148	2653
N	722	2706	979
N	723	5447	8699
N	724	5353	1595
N	725	653	6232
N	726	9331	3126
N	727	2205	5301
N	728	3583	1728
N	729	9026	2548
N	730	392	2145
N	731	439	947
N	732	4513	7267
N	733	9375	5551
N	734	8470	7546
N	735	5902	2355
N	736	5310	899
N	737	4550	9498
N	738	7587	7250
N	739	3987	7432
N	740	6676	5674
N	741	5631	7489
N	742	9667	6301
N	743	8554	6263
N	744	2014	3558
N	745	1654	6646
N	746	2898	2139
N	747	460	5021
N	748	6801	2144
N	749	5185	8097
N	750	9225	5260
N	751	8688	2200
N	752	6627	9560
N	753	7825	2439
N	754	700	6510
N	755	9391	9096
N	756	4917	120
N	757	2264	3841
N	758	6922	4845
N	759	729	8940
N	760	3767	5750
N	761	9988	8444
N	762	8280	1811
N	763	3838	1612
N	764	3905	723
N	765	6212	5229
N	766	2243	1553
N	767	2772	3337
N	768	2234	9763
N	769	6186	21
N	770	2405	7635
N	771	8798	3275
N	772	7948	2026
N	773	9435	5780
N	774	2529	453
N	775	6869	1431
N	776	671	6036
N	777	1049	4853
N	778	301	1563
N	779	4641	4800
N	780	6645	3069
N	781	1641	1354
N	782	8037	3654
N	783	6879	1134
N	784	1379	9067
N	785	44	4322
N	786	46	7517
N	787	604	2291
N	788	9794	7592
N	789	5369	4833
N	790	8914	9755
N	791	8843	1532
N	792	7304	8878
N	793	7525	2734
N	794	5379	7553
N	795	3310	1714
N	796	7826	2499
N	797	7793	1143
N	798	9091	9271
N	799	8902	3781
N	800	7188	3721
N	801	3563	9406
N	802	9919	2166
N	803	5329	7465
N	804	2916	6046
N	805	3833	7644
N	806	2081	1035
N	807	3754	8612
N	808	3880	5008
N	809	4571	8592
N	810	5799	4046
N	811	8783	52
N	812	5757	755
N	813	5544	4853
N	814	3702	4576
N	815	8653	5427
N	816	816	9456
N	817	2715	2268
N	818	1725	319
N	819	8984	7873
N	820	2983	6060
N	821	2802	2537
N	822	6706	3471
N	823	7934	8006
N	824	1659	3473
N	825	9117	772
N	826	5428	8270
N	827	3112	8088
N	828	282	5668
N	829	267	6146
N	830	2320	4682
N	831	3101	1811
N	832	8103	4767
N	833	5840	6285
N	834	5548	9534
N	835	8941	1607
N	836	6146	4661
N	837	5650	8597
N	838	3716	8858
N	839	3430	7894
N	840	843	6172
N	841	1674	4167
N	842	7925	7767
N	843	8586	7174
N	844	1305	1317
N	845	4258	2416
N	846	6378	6622
N	847	4123	8403
N	848	8714	6715
N	849	6701	7156
N	850	1304	4798
N	851	2305	9541
N	852	8815	8655
N	853	4830	7232
N	854	388	5834
N	855	7004	8693
N	856	978	4896
N	857	647	7401
N	858	7457	248
N	859	7340	6763
N	860	9812	708
N	861	1668	7612
N	862	9636	4825
N	863	8743	1033
N	864	7798	9210
N	865	39	1357
N	866	712	9637
N	867	6781	1579
N	868	9934	8534
N	869	8051	6257
N	870	2926	6615
N	871	1627	4931
N	872	3852	874
N	873	9132	2534
N	874	1910	5950
N	875	3488	1908
N	876	1398	930
N	877	5938	7553
N	878	2017	9099
N	879	1874	9032
N	880	134	3806
N	881	9635	7085
N	882	1756	9707
N	883	4041	5428
N	884	5757	4899
N	885	6966	6458
N	886	1557	6218
N	887	472	9644
N	888	8900	6810
N	889	4226	7260
N	890	8604	2479
N	891	7733	3278
N	892	2297	823
N	893	9728	7758
N	894	5948	5103
N	895	1571	855
N	896	6786	2994
N	897	8858	7702
N	898	5643	8907
N	899	5598	7846
N	900	7124	7375
N	901	8348	664
N	902	8115	4193
N	903	3407	1250
N	904	1096	1424
N	905	8840	9600
N	906	2502	2176
N	907	4486	9664
N	908	7897	1147
N	909	7346	3765
N	910	5191	7334
N	911	6767	2231
N	912	4245	5987
N	913	3729	7689
N	914	6270	7981
N	915	1169	8408
N	916	9234	6021
N	917	7778	5328
N	918	6126	8850
N	919	5991	2942
N	920	1366	6497
N	921	5994	5104
N	922	6926	1962
N	923	1490	2991
N	924	3776	7246
N	925	9687	3954
N	926	6189	4596
N	927	7519	6788
N	928	6089	7015
N	929	8477	1086
N	930	2187	5618
N	931	9552	5766
N	932	3922	5256
N	933	5820	4587
N	934	3405	3985
N	935	967	4566
N	936	9477	6406
N	937	5636	6543
N	938	6769	5696
N	939	1937	5827
N	940	9222	4211
N	941	1657	4867
N	942	1895	7988
N	943	7755	9189
N	944	7127	6115
N	945	3591	2449
N	946	1059	2058
N	947	1985	6408
N	948	4435	265
N	949	6707	6843
N	950	7135	8115
N	951	2259	7012
N	952	9441	171
N	953	3939	6113
N	954	4209	9026
N	955	9086	1392
N	956	3257	4554
N	957	2110	9033
N	958	8121	1373
N	959	515	767
N	960	50	2423
N	961	6381	285
N	962	6631	5196
N	963	8027	5915
N	964	2706	5923
N	965	9521	3833
N	966	1459	6200
N	967	1460	9093
N	968	7418	5992
N	969	5113	124
N	970	6920	6742
N	971	3380	6070
N	972	3170	8366
N	973	6278	5289
N	974	2364	4367
N	975	5699	7666
N	976	4587	9964
N	977	4032	3008
N	978	8183	9184
N	979	3917	2723
N	980	9130	8205
N	981	1874	2202
N	982	7569	3875
N	983	6833	6935
N	984	2113	8292
N	985	5709	6205
N	986	8785	2634
N	987	2073	4417
N	988	5532	5986
N	989	700	1603
N	990	5154	7808
N	991	304	1462
N	992	9147	5942
N	993	9164	7385
N	994	2504	5534
N	995	3449	4385
N	996	4838	8107
N	997	6092	7571
N	998	6288	4178
N	999	4799	5857
0	1	3237
0	2	1624
0	3	8207
0	4	7162
0	5	4695
0	7	7470
0	8	7351
0	9	6241
0	10	3582
0	12	6045
0	13	6898
0	14	6175
0	16	985
0	18	6682
0	20	6699
0	24	4739
0	27	6996
0	31	5664
0	33	2883
0	34	7741
0	38	5868
0	39	2300
0	40	7398
0	41	7170
0	42	4073
0	43	2652
0	49	3589
0	51	866
0	52	8542
0	55	1947
0	56	7275
0	57	1716
0	58	5395
0	59	3415
0	69	7705
0	71	2107
0	77	6403
0	80	9169
0	81	2501
0	84	8370
0	89	6261
0	98	2995
0	103	6322
0	105	6098
0	111	4751
0	116	7460
0	120	2111
0	126	3824
0	130	3637
0	144	8624
0	145	5397
0	156	5218
0	162	6550
0	163	2685
0	169	7195
0	170	7193
0	174	5496
0	175	1188
0	176	8261
0	178	4580
0	181	3534
0	184	5190
0	191	6921
0	192	5517
0	200	3399
0	205	7200
0	212	7835
0	215	1083
0	217	3559
0	224	3793
0	225	5216
0	227	7314
0	233	4055
0	238	2386
0	247	1767
0	252	6214
0	255	3834
0	256	5901
0	258	998
0	262	1799
0	281	6011
0	297	7258
0	303	6470
0	305	6462
0	309	1409
0	313	7453
0	323	2517
0	324	3809
0	327	4699
0	328	7602
0	330	6795
0	332	6240
0	335	4487
0	337	6286
0	342	8282
0	347	6711
0	350	8217
0	367	7109
0	369	4922
0	370	4590
0	371	7542
0	374	6525
0	376	3586
0	378	2322
0	380	2575
0	381	6560
0	383	1547
0	386	4561
0	387	7188
0	388	4935
0	400	1929
0	406	5622
0	407	4664
0	409	3473
0	414	3537
0	415	1910
0	416	8196
0	423	7714
0	426	5535
0	428	6941
0	429	3405
0	432	7457
0	435	6919
0	438	8789
0	439	4120
0	440	7566
0	442	2278
0	445	5407
0	447	7361
0	449	7966
0	450	2102
0	451	7061
0	452	727
0	454	6241
0	459	2641
0	470	8590
0	471	2349
0	475	1524
0	476	5649
0	481	1452
0	482	2788
0	486	7838
0	492	7150
0	500	2470
0	501	2936
0	503	7076
0	508	8981
0	509	7465
0	512	7996
0	517	3566
0	519	2715
0	523	366
0	527	6838
0	532	7278
0	549	4735
0	552	9708
0	553	4700
0	558	5749
0	559	4391
0	561	2922
0	573	6234
0	585	4134
0	587	7265
0	588	2315
0	592	2469
0	593	8465
0	605	2431
0	612	6814
0	614	5487
0	619	4522
0	623	1421
0	624	5015
0	625	1960
0	626	3513
0	636	5904
0	640	5861
0	641	6849
0	643	1963
0	645	6923
0	648	1651
0	651	7455
0	656	8362
0	662	3789
0	669	1947
0	670	7777
0	673	7211
0	674	5987
0	676	3044
0	687	1262
0	689	5272
0	692	3398
0	706	7118
0	712	1680
0	723	6563
0	724	2118
0	741	5354
0	745	7069
0	746	4420
0	749	6075
0	753	516
0	754	7780
0	758	2470
0	771	1723
0	772	742
0	773	3988
0	775	1069
0	777	6722
0	782	1445
0	788	5751
0	789	3108
0	790	7522
0	796	524
0	797	1351
0	798	7093
0	800	1321
0	801	7940
0	802	2619
0	818	5961
0	820	5664
0	823	5635
0	824	5751
0	825	2435
0	826	6159
0	831	4250
0	838	7386
0	843	4936
0	844	6102
0	849	4789
0	850	6465
0	854	7724
0	855	6295
0	858	2162
0	859	4358
0	860	3023
0	861	7677
0	869	3922
0	871	6219
0	880	7311
0	886	6901
0	889	5751
0	892	5256
0	893	5873
0	894	3022
0	899	5703
0	906	4813
0	911	570
0	915	8587
0	922	586
0	929	1761
0	932	4427
0	936	4550
0	955	2044
0	956	4587
0	962	2872
0	969	3166
0	970	4354
0	974	5320
0	979	3407
0	988	3998
0	990	5817
0	992	3985
0	995	4339
0	999	4268
0	47	2646
0	68	539
0	50	4349
0	30	5361
0	75	5251
0	46	3962
0	74	3607
0	25	7514
0	22	8004
0	92	5036
0	73	4975
0	44	5135
0	45	1914
0	17	3571
1	11	2127
1	17	5731
1	21	3722
1	25	4855
1	28	4673
1	29	4525
1	44	3300
1	47	5741
1	48	544
1	50	2807
1	66	2625
1	68	3775
1	72	5403
1	73	2615
1	74	3037
1	79	5182
1	88	5969
1	90	5990
1	93	3419
1	106	2179
1	113	2561
1	125	4029
1	129	3841
1	139	1994
1	166	3925
1	167	3041
1	177	5397
1	179	6378
1	187	5292
1	195	1524
1	198	4441
1	203	3427
1	230	2459
1	236	4512
1	239	4280
1	261	6557
1	263	2833
1	264	5841
1	266	3539
1	279	6374
1	282	2573
1	287	1629
1	292	3040
1	302	3272
1	318	5308
1	322	4032
1	333	2109
1	340	6016
1	343	6928
1	346	5181
1	365	3994
1	368	264
1	399	2164
1	401	7220
1	404	5356
1	408	3606
1	411	3234
1	413	541
1	420	2944
1	422	5165
1	425	2279
1	453	2465
1	455	2031
1	466	2808
1	467	5112
1	473	3694
1	474	3449
1	478	5214
1	484	869
1	487	1087
1	494	3021
1	511	973
1	514	4255
1	521	2440
1	525	4369
1	536	1559
1	537	5907
1	539	4590
1	557	6873
1	564	5884
1	568	1460
1	574	3986
1	575	4074
1	579	2946
1	590	5411
1	598	4706
1	600	3219
1	603	5913
1	616	3038
1	622	3491
1	631	6433
1	658	3746
1	659	4220
1	664	3669
1	666	5022
1	675	6435
1	682	2839
1	683	6880
1	684	2505
1	691	2579
1	694	6229
1	696	4665
1	698	7015
1	701	2342
1	704	5979
1	710	1533
1	714	3150
1	718	6309
1	722	5824
1	725	5767
1	730	6860
1	731	7482
1	743	2308
1	751	4033
1	760	2618
1	761	4658
1	766	5716
1	776	5727
1	779	1870
1	787	6604
1	805	3322
1	807	4064
1	819	3524
1	822	2059
1	832	1879
1	839	3791
1	848	2634
1	853	2317
1	862	3331
1	877	2094
1	888	2843
1	891	2608
1	898	3480
1	902	2179
1	903	5186
1	904	6671
1	910	2179
1	930	4188
1	933	1071
1	937	1274
1	939	4448
1	944	969
1	947	4481
1	959	7534
1	967	6085
1	968	1152
1	984	5092
1	985	966
1	987	4436
1	993	3364
1	996	3022
2	15	5446
2	19	5863
2	53	3114
2	54	3667
2	61	3860
2	83	6928
2	95	6304
2	109	2645
2	131	3368
2	132	7230
2	148	5996
2	160	4667
2	172	7092
2	223	4198
2	234	2717
2	243	2970
2	244	4261
2	248	1251
2	270	3725
2	271	1968
2	286	3923
2	312	4431
2	336	5901
2	338	2822
2	341	3554
2	351	3768
2	385	5926
2	389	950
2	393	4682
2	402	4048
2	421	6962
2	431	3869
2	434	7403
2	444	475
2	446	3290
2	456	2468
2	457	5090
2	480	5123
2	493	7724
2	510	2814
2	534	5818
2	550	5871
2	554	5313
2	556	6159
2	563	1336
2	571	3661
2	580	6018
2	586	5722
2	599	1037
2	602	4480
2	606	5174
2	644	4526
2	667	1774
2	690	1008
2	702	2333
2	736	2522
2	750	3777
2	763	2743
2	764	3331
2	769	3317
2	774	4491
2	804	4090
2	813	1581
2	828	6154
2	830	3897
2	833	2956
2	863	3597
2	876	5169
2	878	6995
2	885	3279
2	900	4202
2	918	5520
2	924	4489
2	925	3762
2	940	3362
2	949	3586
2	958	2904
2	977	1970
2	994	4111
2	5	3819
2	70	3362
2	21	1549
2	55	3549
2	24	4173
2	29	3287
2	33	3059
2	41	6340
2	45	3261
2	7	6333
2	27	5589
2	26	4719
2	75	3834
2	82	2681
2	76	5314
2	32	2025
2	30	5346
2	71	1686
2	91	4186
2	6	5472
2	81	2554
2	67	384
2	68	2092
2	60	4139
2	85	2719
2	4	6701
3	6	9908
3	46	6163
3	168	9152
3	193	8364
3	237	6757
3	274	4886
3	277	9997
3	290	9339
3	291	4188
3	294	5823
3	301	7497
3	304	4249
3	319	9411
3	375	10694
3	384	6467
3	430	2302
3	464	7561
3	518	1372
3	533	8318
3	547	4464
3	567	2064
3	607	5745
3	608	9537
3	679	3332
3	728	8125
3	733	6998
3	762	9176
3	835	9686
3	842	4574
3	851	1577
3	856	5726
3	864	3997
3	913	2163
3	923	7253
3	926	5749
3	935	6019
3	989	8827
3	32	5258
3	41	10301
3	7	1627
3	65	4669
3	36	10059
3	83	2318
4	65	3645
4	91	10336
4	159	6628
4	197	6581
4	220	8723
4	245	6351
4	250	8489
4	265	4881
4	288	6261
4	325	6569
4	354	2283
4	397	7956
4	524	10686
4	531	4333
4	699	11006
4	705	8492
4	709	4683
4	726	6310
4	780	6697
4	809	4300
4	815	3988
4	840	8584
4	901	8760
4	908	8314
4	934	7647
4	951	6960
4	952	9264
4	991	11630
4	10	4676
4	89	6635
4	16	8147
4	59	7534
4	63	3404
4	34	1162
5	26	6802
5	45	6608
5	94	4226
5	138	4914
5	152	8738
5	201	3454
5	214	5414
5	315	3713
5	460	4923
5	555	5440
5	569	5763
5	637	6108
5	693	6087
5	716	6931
5	734	8478
5	739	6266
5	748	4141
5	784	7897
5	806	714
5	821	1249
5	836	4786
5	943	9352
5	948	1972
5	960	2927
5	976	8867
5	983	6968
5	6	1662
5	62	2986
6	117	5551
6	165	1929
6	182	8644
6	185	10789
6	208	7255
6	218	9099
6	259	2082
6	276	5833
6	326	5926
6	479	3895
6	505	5610
6	507	4305
6	526	10069
6	630	2798
6	646	8260
6	652	9269
6	686	3806
6	814	4885
6	816	9246
6	834	10158
6	895	631
6	927	8923
6	972	8310
6	980	11059
7	22	3470
7	86	5277
7	87	8462
7	146	8286
7	149	8994
7	228	9881
7	253	4681
7	359	4581
7	361	4133
7	382	9465
7	436	5234
7	576	5530
7	635	2342
7	732	2562
7	883	4451
7	920	5169
7	49	4455
7	77	8352
7	52	5964
7	17	9637
7	8	5573
8	32	3743
8	37	5138
8	64	7854
8	78	3381
8	235	1104
8	289	7827
8	296	6395
8	357	8277
8	461	4552
8	530	7357
8	565	3224
8	595	4127
8	613	3185
8	634	5330
8	642	7329
8	647	2574
8	655	7485
8	681	6925
8	950	6368
8	971	2342
9	157	6097
9	211	7332
9	226	3843
9	242	1654
9	349	6336
9	372	3155
9	418	3873
9	437	5687
9	477	1901
9	544	1473
9	545	7226
9	572	4263
9	610	5138
9	657	2130
9	811	9017
9	896	5469
9	917	4404
9	975	1593
9	998	4195
10	23	10024
10	35	7747
10	97	4283
10	164	6014
10	213	3391
10	249	5669
10	251	8110
10	485	8074
10	495	5814
10	497	1911
10	738	3322
10	752	5722
10	792	4777
10	810	4191
10	945	6765
10	946	9285
11	36	9751
11	76	4958
11	101	1799
11	123	4793
11	194	1903
11	260	3750
11	339	1154
11	377	7703
11	469	4295
11	488	7675
11	541	8459
11	638	5533
11	697	1567
11	757	6262
11	793	4598
11	847	3507
12	147	8009
12	210	3899
12	231	5258
12	240	7209
12	283	8202
12	295	4236
12	331	7452
12	334	9745
12	348	5414
12	410	8084
12	463	6334
12	468	7066
12	542	9114
12	744	7827
12	785	9089
13	151	3176
13	498	2009
13	522	3343
13	596	4838
13	628	6628
13	661	9386
13	711	3112
13	799	6355
13	70	7150
13	94	6474
13	79	8838
13	21	7255
13	31	1781
13	59	5590
14	161	8645
14	196	5618
14	515	8139
14	870	5998
14	52	6300
14	90	1551
14	84	9285
14	48	6589
14	42	2199
14	77	1864
14	99	6759
14	37	9553
14	34	12336
15	124	8828
15	298	2442
15	366	4827
15	395	6578
15	433	4873
15	489	3058
15	620	7878
15	719	8381
15	737	5708
15	781	10039
15	783	6748
15	791	5769
15	887	9623
16	30	6314
16	82	1965
16	143	7336
16	273	744
16	300	5270
16	462	7305
16	535	7129
16	695	5516
16	808	4846
16	981	5332
16	76	7528
17	70	5613
17	92	7369
17	118	8980
17	188	3218
17	627	4211
17	729	5059
17	778	4587
17	845	2400
17	872	1137
17	921	5240
18	99	4434
18	137	9128
18	171	5112
18	293	2753
18	306	7842
18	311	4019
18	391	2016
18	665	3656
18	33	7963
18	81	5324
18	61	8549
19	60	3536
19	85	3482
19	110	8585
19	154	7860
19	183	7378
19	299	8050
19	320	6859
19	353	2301
19	403	815
19	812	8189
19	857	2989
20	62	7204
20	419	4098
20	513	3710
20	560	2466
20	707	6370
20	786	9737
20	954	5519
20	965	4828
20	77	10662
20	23	9775
21	75	4273
21	912	4599
21	95	7436
21	91	3883
21	72	7098
21	31	6287
21	90	3444
21	49	3577
22	96	2194
22	186	7688
22	285	6981
22	639	9313
22	660	7974
22	717	7929
22	916	7496
22	963	6415
23	246	6495
23	308	5583
23	506	2997
23	621	8043
23	715	7301
23	865	5566
23	938	6784
23	957	2916
24	135	7888
24	140	1358
24	284	4582
24	443	7177
24	546	6993
24	700	5984
24	720	6469
24	846	1427
25	67	6291
25	104	8786
25	190	1741
25	584	5093
25	685	4287
25	770	352
25	98	4994
25	46	6853
26	63	10410
26	78	8081
26	61	5680
26	96	9538
26	29	1680
26	55	1569
26	42	5960
27	142	6161
27	267	3221
27	358	4825
27	548	6619
27	57	7471
27	61	5703
27	97	2777
28	122	8928
28	133	5821
28	134	7925
28	153	6093
28	617	3652
28	837	2584
28	57	7041
28	43	9919
29	490	4366
29	618	8356
29	755	7414
29	931	4126
29	62	3983
29	67	2902
30	102	6903
30	321	6735
30	352	9708
30	866	9225
30	875	8128
31	314	4992
31	344	4137
31	721	5996
31	867	6465
31	873	5993
32	107	217
32	202	4104
32	329	3534
32	581	1570
32	759	5677
33	221	7629
33	360	7506
33	499	5008
33	516	5564
33	65	2082
34	115	11163
34	405	4863
34	708	1289
34	907	5434
34	70	6608
35	209	3401
35	356	1320
35	496	2056
35	609	9967
35	677	8624
35	735	3027
35	868	10295
36	141	2332
36	458	9890
36	472	5020
36	905	12355
36	73	6418
37	222	8450
37	502	8739
37	629	1926
37	54	6337
37	98	6283
38	150	2809
38	216	7369
38	540	9488
38	703	3669
38	817	8985
38	841	8935
39	189	6627
39	668	6947
39	672	4334
39	78	3156
39	52	6621
39	99	5418
40	119	5187
40	121	3865
40	136	5352
40	229	7530
40	529	1426
40	879	1335
41	232	3020
41	973	7750
41	79	7074
41	60	9578
42	396	985
42	483	3196
42	504	3521
42	601	4676
43	597	9353
43	604	8696
43	742	6372
43	768	11572
43	829	10254
44	649	6262
44	928	3456
44	62	2989
44	47	7735
45	363	6547
45	390	1554
45	394	5558
46	100	8114
46	114	3087
46	966	7284
47	441	11911
47	654	11780
47	94	9744
48	578	5311
48	69	5671
48	97	1805
48	50	2810
49	278	3864
49	392	4436
49	953	1446
50	577	4590
50	874	2109
50	982	4008
51	128	8542
51	275	7982
51	280	3561
51	345	5520
51	528	3322
52	219	6532
52	362	11197
53	173	7205
53	257	4959
53	310	8837
53	373	5589
53	803	2540
54	112	2015
54	155	6319
54	465	2859
54	594	5510
55	398	8820
55	412	3748
55	964	7689
56	316	9502
56	611	10920
56	632	9693
56	678	6114
57	566	6475
57	653	5087
58	680	6680
58	852	4863
58	82	6227
58	95	3370
59	207	776
59	890	4639
60	72	5608
60	73	3279
61	795	6960
62	424	4264
63	268	5206
63	570	8505
63	671	9237
64	180	5173
64	491	5354
64	688	2051
64	765	4958
65	91	6742
65	78	6008
66	543	8180
66	615	8771
66	87	5385
66	73	4632
67	272	2975
67	562	1134
68	199	8825
68	254	6991
69	158	4593
69	355	6262
69	89	1580
70	127	3721
71	582	5740
71	650	2743
71	882	8672
72	897	7767
72	95	340
74	427	4175
74	767	6931
74	941	7764
75	307	2858
75	317	2451
76	448	2983
79	747	8457
80	241	6059
80	827	2401
80	997	5403
81	909	3530
82	713	1685
83	108	7379
83	756	9266
84	269	5663
84	589	10786
85	740	988
85	919	3109
86	520	3903
86	538	2728
86	978	6792
87	583	5209
87	727	7887
88	379	6999
88	591	7469
88	794	8246
89	204	2267
90	884	5141
92	881	3603
92	986	5396
93	417	6792
93	914	3664
93	942	2076
94	364	6803
96	206	1072
96	633	1627
97	663	7274
98	551	1039
99	961	8059
