20 19
R	0	7310	2405
R	1	6374	5504
R	2	5976	3332
N	3	3852	9849
N	4	8792	9413
N	5	2749	1289
N	6	1466	232
N	7	5467	9645
N	8	1045	6252
N	9	4108	7763
N	10	9908	4872
N	11	7463	7332
N	12	8173	8389
N	13	5267	8994
N	14	1339	830
N	15	9786	7224
N	16	7151	1432
N	17	4630	44
N	18	715	3484
N	19	3388	8594
0	1	3237
0	2	1624
0	4	7162
0	8	7351
0	11	4929
0	12	6045
0	15	5417
0	16	985
0	17	3571
0	18	6682
0	19	7327
1	5	5559
1	6	7202
1	7	4239
1	9	3199
1	14	6870
2	3	6854
2	10	4222
2	13	5706
