60 59
R	0	7310	2405
R	1	6374	5504
R	2	5976	3332
R	3	3852	9849
R	4	8792	9413
R	5	2749	1289
N	6	1466	232
N	7	5467	9645
N	8	1045	6252
N	9	4108	7763
N	10	9908	4872
N	11	7463	7332
N	12	8173	8389
N	13	5267	8994
N	14	1339	830
N	15	9786	7224
N	16	7151	1432
N	17	4630	44
N	18	715	3484
N	19	3388	8594
N	20	9716	8658
N	21	6126	1790
N	22	2175	8545
N	23	96	6923
N	24	7713	7127
N	25	2112	7831
N	26	9454	142
N	27	3942	8538
N	28	7861	9935
N	29	8831	1703
N	30	9621	7243
N	31	6774	8044
N	32	4414	4621
N	33	8529	5018
N	34	9920	9693
N	35	3531	472
N	36	716	291
N	37	4837	9720
N	38	9892	7675
N	39	5014	2555
N	40	3091	8483
N	41	520	101
N	42	3538	867
N	43	8503	36
N	44	3079	5316
N	45	9189	2772
N	46	8743	6099
N	47	9087	444
N	48	6467	4968
N	49	5067	5207
N	50	3663	4776
N	51	7040	3228
N	52	116	7011
N	53	7454	6073
N	54	2351	3890
N	55	9115	1674
N	56	39	2649
N	57	8929	2975
N	58	4289	6876
N	59	4085	3530
0	1	3237
0	3	8207
0	4	7162
0	10	3582
0	12	6045
0	13	6898
0	16	985
0	18	6682
0	19	7327
0	21	1334
0	25	7514
0	26	3117
0	27	6996
0	29	1675
0	30	5361
0	31	5664
0	32	3646
0	34	7741
0	35	4244
0	38	5868
0	40	7398
0	41	7170
0	43	2652
0	47	2646
0	50	4349
0	52	8542
0	53	3670
0	54	5176
1	2	2208
1	5	5559
1	6	7202
1	9	3199
1	14	6870
1	17	5731
1	20	4595
1	22	5184
1	24	2104
1	37	4487
1	39	3247
1	45	3922
1	46	2442
1	48	544
2	7	6333
2	8	5730
2	11	4267
2	28	6866
2	33	3059
2	55	3549
2	56	5976
2	57	2974
2	58	3925
3	36	10059
3	42	8987
3	51	7348
4	15	2404
4	23	9045
4	49	5618
5	44	4040
5	59	2609
