40 39
R	0	7310	2405
R	1	6374	5504
R	2	5976	3332
R	3	3852	9849
N	4	8792	9413
N	5	2749	1289
N	6	1466	232
N	7	5467	9645
N	8	1045	6252
N	9	4108	7763
N	10	9908	4872
N	11	7463	7332
N	12	8173	8389
N	13	5267	8994
N	14	1339	830
N	15	9786	7224
N	16	7151	1432
N	17	4630	44
N	18	715	3484
N	19	3388	8594
N	20	9716	8658
N	21	6126	1790
N	22	2175	8545
N	23	96	6923
N	24	7713	7127
N	25	2112	7831
N	26	9454	142
N	27	3942	8538
N	28	7861	9935
N	29	8831	1703
N	30	9621	7243
N	31	6774	8044
N	32	4414	4621
N	33	8529	5018
N	34	9920	9693
N	35	3531	472
N	36	716	291
N	37	4837	9720
N	38	9892	7675
N	39	5014	2555
0	1	3237
0	2	1624
0	4	7162
0	5	4695
0	6	6234
0	8	7351
0	12	6045
0	14	6175
0	15	5417
0	16	985
0	17	3571
0	18	6682
0	20	6699
0	21	1334
0	25	7514
0	26	3117
0	28	7550
0	29	1675
0	30	5361
0	32	3646
0	33	2883
1	3	5023
1	10	3590
1	13	3661
1	19	4297
1	22	5184
1	23	6436
1	24	2104
1	35	5779
1	36	7693
1	37	4487
2	7	6333
2	9	4808
2	11	4267
2	27	5589
2	31	4779
2	34	7484
3	38	6419
3	39	7385
