250 262
R	0	7310	2405
R	1	6374	5504
R	2	5976	3332
R	3	3852	9849
R	4	8792	9413
R	5	2749	1289
R	6	1466	232
R	7	5467	9645
R	8	1045	6252
R	9	4108	7763
R	10	9908	4872
R	11	7463	7332
R	12	8173	8389
R	13	5267	8994
R	14	1339	830
R	15	9786	7224
R	16	7151	1432
R	17	4630	44
R	18	715	3484
R	19	3388	8594
R	20	9716	8658
R	21	6126	1790
R	22	2175	8545
R	23	96	6923
R	24	7713	7127
N	25	2112	7831
N	26	9454	142
N	27	3942	8538
N	28	7861	9935
N	29	8831	1703
N	30	9621	7243
N	31	6774	8044
N	32	4414	4621
N	33	8529	5018
N	34	9920	9693
N	35	3531	472
N	36	716	291
N	37	4837	9720
N	38	9892	7675
N	39	5014	2555
N	40	3091	8483
N	41	520	101
N	42	3538	867
N	43	8503	36
N	44	3079	5316
N	45	9189	2772
N	46	8743	6099
N	47	9087	444
N	48	6467	4968
N	49	5067	5207
N	50	3663	4776
N	51	7040	3228
N	52	116	7011
N	53	7454	6073
N	54	2351	3890
N	55	9115	1674
N	56	39	2649
N	57	8929	2975
N	58	4289	6876
N	59	4085	3530
N	60	6718	7404
N	61	8945	5800
N	62	5108	3120
N	63	5402	9732
N	64	6136	271
N	65	6890	6303
N	66	8179	7411
N	67	6314	3149
N	68	7504	1902
N	69	1225	7133
N	70	9331	3111
N	71	5295	1789
N	72	1138	6840
N	73	3792	5924
N	74	9407	5341
N	75	2142	3337
N	76	2505	7356
N	77	911	2645
N	78	1886	2977
N	79	7585	465
N	80	860	8923
N	81	5346	856
N	82	5314	733
N	83	1767	8835
N	84	3504	9860
N	85	5759	6043
N	86	2731	5132
N	87	9448	2177
N	88	9099	193
N	89	2742	6688
N	90	2879	639
N	91	2262	1400
N	92	6037	7278
N	93	3038	6254
N	94	357	4774
N	95	926	7106
N	96	4341	8194
N	97	6045	6723
N	98	4501	3445
N	99	2694	7452
N	100	2061	1495
N	101	9204	6877
N	102	9167	354
N	103	1951	5760
N	104	9650	3317
N	105	1382	973
N	106	8197	6699
N	107	4289	4799
N	108	8296	5395
N	109	5844	5974
N	110	3744	16
N	111	6895	7138
N	112	692	5034
N	113	6914	8008
N	114	7216	3415
N	115	637	3493
N	116	5209	9564
N	117	6930	1216
N	118	5054	9014
N	119	1672	3493
N	120	6952	324
N	121	2600	4649
N	122	4064	1854
N	123	2935	5758
N	124	1684	3717
N	125	2346	5384
N	126	3549	3100
N	127	8375	6708
N	128	1090	9357
N	129	8753	8520
N	130	3944	3783
N	131	5263	40
N	132	346	7869
N	133	2713	7217
N	134	4195	2908
N	135	2449	1252
N	136	1487	3376
N	137	8376	8447
N	138	2610	6202
N	139	4907	4153
N	140	8545	8201
N	141	497	2613
N	142	8401	4286
N	143	7412	8764
N	144	2926	9832
N	145	8296	7712
N	146	3638	1563
N	147	2721	2521
N	148	14	2687
N	149	2412	1185
N	150	7873	9629
N	151	2098	9213
N	152	465	9724
N	153	4083	5154
N	154	105	1452
N	155	8522	2530
N	156	2186	1419
N	157	8111	3163
N	158	5380	5174
N	159	5460	3683
N	160	1454	2177
N	161	3760	9130
N	162	5688	8752
N	163	6526	4973
N	164	4172	6680
N	165	156	1648
N	166	7432	9284
N	167	3896	3740
N	168	723	1248
N	169	5300	9314
N	170	170	3282
N	171	5826	3605
N	172	409	7727
N	173	298	5229
N	174	3868	6690
N	175	6122	2412
N	176	3942	9949
N	177	2912	1363
N	178	4375	5921
N	179	911	8796
N	180	4971	5312
N	181	7022	5928
N	182	9371	3731
N	183	581	1770
N	184	4125	6504
N	185	7117	9423
N	186	9494	6191
N	187	7215	279
N	188	1534	924
N	189	9398	7525
N	190	1879	9557
N	191	395	2100
N	192	6322	7833
N	193	3614	1488
N	194	5845	8334
N	195	6713	4018
N	196	4028	5763
N	197	2214	9210
N	198	2929	8308
N	199	847	7696
N	200	5459	5256
N	201	5935	2624
N	202	6039	852
N	203	8553	8150
N	204	2923	4428
N	205	7405	9605
N	206	4900	7279
N	207	4416	4232
N	208	2343	7434
N	209	6888	1019
N	210	7562	4538
N	211	9730	3055
N	212	2206	8350
N	213	6755	6120
N	214	175	6053
N	215	8336	2754
N	216	2843	5524
N	217	3785	1911
N	218	9764	3967
N	219	791	513
N	220	2006	3932
N	221	907	4682
N	222	7225	1614
N	223	9704	5264
N	224	5219	5570
N	225	2470	4351
N	226	275	7477
N	227	1593	6967
N	228	1886	435
N	229	9656	4794
N	230	8591	4440
N	231	3128	6906
N	232	625	3120
N	233	5125	5821
N	234	5828	619
N	235	2086	5884
N	236	9807	2575
N	237	8516	4959
N	238	5797	560
N	239	5904	9759
N	240	1777	5063
N	241	6868	9710
N	242	2486	8089
N	243	3142	4221
N	244	1742	2852
N	245	6604	3450
N	246	6165	4607
N	247	5744	3224
N	248	4779	3696
N	249	6147	630
0	1	3237
0	2	1624
0	3	8207
0	4	7162
0	7	7470
0	10	3582
0	12	6045
0	14	6175
0	15	5417
0	16	985
0	17	3571
0	18	6682
0	19	7327
0	20	6699
0	21	1334
0	23	8511
0	24	4739
0	26	3117
0	31	5664
0	32	3646
0	34	7741
0	43	2652
0	52	8542
0	56	7275
0	57	1716
0	58	5395
0	62	2315
0	63	7571
0	68	539
0	69	7705
0	70	2140
0	74	3607
0	75	5251
0	76	6899
0	77	6403
0	82	2603
0	83	8489
0	84	8370
0	86	5329
0	87	2150
0	93	5750
0	95	7928
0	96	6505
0	97	4499
0	102	2766
0	105	6098
0	107	3854
0	110	4292
0	113	5616
0	115	6761
0	118	6983
0	120	2111
0	127	4432
0	128	9328
0	130	3637
0	131	3127
0	134	3155
0	135	4995
0	136	5903
0	139	2971
0	140	5926
0	144	8624
0	145	5397
0	146	3767
0	147	4590
0	150	7245
0	151	8574
0	156	5218
0	160	5860
0	162	6550
0	163	2685
0	166	6880
0	169	7195
0	170	7193
0	173	7559
0	175	1188
0	176	8261
0	179	9043
0	180	3731
0	181	3534
0	187	2128
0	188	5962
0	189	5529
0	192	5517
0	193	3808
0	194	6107
0	196	4695
0	201	1392
0	206	5437
0	210	2147
0	216	5448
1	5	5559
1	6	7202
1	13	3661
1	25	4855
1	28	4673
1	29	4525
1	35	5779
1	36	7693
1	37	4487
1	38	4133
1	40	4433
1	42	5435
1	44	3300
1	45	3922
1	60	1930
1	67	2355
1	79	5182
1	90	5990
1	92	1805
1	98	2783
1	100	5888
1	123	3448
1	124	5018
1	125	4029
1	137	3559
1	138	3828
1	142	2364
1	165	7316
1	167	3041
1	168	7074
1	182	3482
1	186	3194
1	195	1524
1	197	5571
1	202	4664
1	209	4514
1	213	724
1	214	6223
1	218	3722
1	219	7488
1	223	3338
1	224	1156
1	227	4999
1	230	2459
1	233	1288
1	237	2210
1	241	4234
1	243	3477
2	8	5730
2	9	4808
2	11	4267
2	22	6451
2	33	3059
2	47	4244
2	49	2083
2	50	2726
2	53	3114
2	59	1901
2	65	3108
2	66	4635
2	71	1686
2	91	4186
2	99	5267
2	104	3674
2	106	4033
2	108	3104
2	111	3915
2	117	2321
2	129	5884
2	152	8439
2	153	2627
2	154	6164
2	158	1936
2	159	624
2	171	311
2	183	5616
2	184	3672
2	203	5463
2	205	6433
2	208	5479
2	211	3764
3	51	7348
3	204	5500
3	212	2226
3	215	8393
3	217	7938
3	225	5669
3	236	9400
3	238	9490
3	244	7308
3	7	1627
3	15	6488
4	61	3616
4	81	9224
4	85	4533
4	88	9225
4	101	2569
4	119	9259
4	126	8206
4	141	10725
4	143	1524
5	39	2594
5	55	6377
5	89	5399
5	148	3071
5	155	5904
5	191	2489
5	199	6683
5	232	2804
6	41	955
6	114	6572
6	121	4560
6	172	7569
6	174	6890
6	229	9374
6	242	7922
7	64	9397
7	207	5514
7	22	3470
7	18	7780
7	12	2983
8	30	8633
8	240	1396
8	245	6225
8	246	5377
8	12	7441
8	24	6725
9	46	4924
9	94	4796
9	103	2943
9	220	4369
9	235	2760
10	12	3921
10	13	6207
10	20	3790
10	22	8560
10	16	4408
11	48	2565
11	54	6162
11	72	6344
11	161	4116
12	16	7031
13	80	4407
13	226	5217
13	249	8410
14	78	2215
14	149	1130
14	198	7645
14	239	10028
15	122	7847
15	164	5640
15	190	8244
16	112	7395
17	73	5939
17	157	4673
17	228	2771
18	177	3053
18	248	4069
19	178	2849
19	221	4632
19	234	8339
20	133	7149
20	200	5449
21	27	7092
21	132	8388
21	222	1113
22	247	6407
23	109	5825
23	116	5754
23	231	3032
24	185	2372
