100 100
R	0	7310	2405
R	1	6374	5504
R	2	5976	3332
R	3	3852	9849
R	4	8792	9413
R	5	2749	1289
R	6	1466	232
R	7	5467	9645
R	8	1045	6252
R	9	4108	7763
N	10	9908	4872
N	11	7463	7332
N	12	8173	8389
N	13	5267	8994
N	14	1339	830
N	15	9786	7224
N	16	7151	1432
N	17	4630	44
N	18	715	3484
N	19	3388	8594
N	20	9716	8658
N	21	6126	1790
N	22	2175	8545
N	23	96	6923
N	24	7713	7127
N	25	2112	7831
N	26	9454	142
N	27	3942	8538
N	28	7861	9935
N	29	8831	1703
N	30	9621	7243
N	31	6774	8044
N	32	4414	4621
N	33	8529	5018
N	34	9920	9693
N	35	3531	472
N	36	716	291
N	37	4837	9720
N	38	9892	7675
N	39	5014	2555
N	40	3091	8483
N	41	520	101
N	42	3538	867
N	43	8503	36
N	44	3079	5316
N	45	9189	2772
N	46	8743	6099
N	47	9087	444
N	48	6467	4968
N	49	5067	5207
N	50	3663	4776
N	51	7040	3228
N	52	116	7011
N	53	7454	6073
N	54	2351	3890
N	55	9115	1674
N	56	39	2649
N	57	8929	2975
N	58	4289	6876
N	59	4085	3530
N	60	6718	7404
N	61	8945	5800
N	62	5108	3120
N	63	5402	9732
N	64	6136	271
N	65	6890	6303
N	66	8179	7411
N	67	6314	3149
N	68	7504	1902
N	69	1225	7133
N	70	9331	3111
N	71	5295	1789
N	72	1138	6840
N	73	3792	5924
N	74	9407	5341
N	75	2142	3337
N	76	2505	7356
N	77	911	2645
N	78	1886	2977
N	79	7585	465
N	80	860	8923
N	81	5346	856
N	82	5314	733
N	83	1767	8835
N	84	3504	9860
N	85	5759	6043
N	86	2731	5132
N	87	9448	2177
N	88	9099	193
N	89	2742	6688
N	90	2879	639
N	91	2262	1400
N	92	6037	7278
N	93	3038	6254
N	94	357	4774
N	95	926	7106
N	96	4341	8194
N	97	6045	6723
N	98	4501	3445
N	99	2694	7452
0	1	3237
0	2	1624
0	5	4695
0	6	6234
0	11	4929
0	12	6045
0	15	5417
0	20	6699
0	21	1334
0	22	8004
0	26	3117
0	29	1675
0	30	5361
0	32	3646
0	33	2883
0	35	4244
0	36	6924
0	37	7721
0	39	2300
0	40	7398
0	41	7170
0	43	2652
0	44	5135
0	47	2646
0	51	866
0	52	8542
0	54	5176
0	55	1947
0	57	1716
0	59	3415
0	60	5033
0	61	3768
0	62	2315
0	63	7571
0	64	2435
0	67	1243
0	70	2140
0	73	4975
0	74	3607
0	76	6899
0	79	1959
0	83	8489
1	3	5023
1	4	4596
1	8	5381
1	9	3199
1	10	3590
1	16	4145
1	23	6436
1	27	3888
1	34	5488
1	38	4133
1	42	5435
1	53	1220
1	68	3775
1	69	5400
1	84	5216
1	85	817
1	86	3661
1	87	4529
1	88	5969
1	89	3820
1	90	5990
1	93	3419
2	7	6333
2	13	5706
2	14	5268
2	17	3552
2	19	5863
2	25	5930
2	31	4779
2	46	3913
2	56	5976
2	58	3925
2	77	5111
2	82	2681
2	95	6304
2	97	3391
2	98	1479
3	18	7096
3	71	8188
3	72	4052
3	75	6732
3	81	9116
4	45	6652
4	50	6914
4	65	3645
4	66	2093
5	28	10044
5	49	4552
5	78	1895
5	91	499
6	99	7323
6	7	10228
7	48	4782
8	24	6725
8	94	1630
8	96	3825
9	80	3448
9	92	1989
